60.4839
60.4839
60.4606
60.3391
60.0762
59.2526
58.6644
59.1295
59.6737
60.776
61.5625
60.6983
60.7558
64.6925
69.0724
71.9005
72.0397
69.9949
67.3286
65.0251
64.196
62.906
61.0068
59.2666
57.7952
56.9915
57.7653
58.2358
57.462
56.8552
57.5159
58.1395
59.7941
61.4044
59.9769
58.5938
58.4807
58.3667
59.4716
60.6531
59.8142
58.8616
58.3032
57.7376
59.0713
60.7129
59.9371
58.7462
58.88
59.2274
60.9969
63.1322
62.1569
60.6192
59.9292
59.3316
60.5066
61.8541
61.0235
60.0317
59.5427
59.0702
60.1878
61.398
60.8681
60.2508
59.8853
59.5267
61.4931
63.4416
62.7021
61.8881
61.2607
61.0743
63.0375
64.1869
62.7235
61.3585
60.3748
60.123
61.1067
61.4131
60.6693
59.8359
58.8983
58.4954
58.84
58.7827
57.9908
57.4153
57.1968
57.2415
58.6048
59.761
59.761
59.713
59.36
59.1294
59.8438
60.5134
60.7592
60.6761
58.7054
57.0087
56.4766
55.9701
57.9006
60.036
59.5946
58.8859
58.2339
57.5578
58.2759
59.3021
58.2397
56.5677
56.0478
55.8389
56.3327
57.5214
57.7319
56.752
56.2391
56.4511
56.8755
58.5736
59.7802
58.4061
57.3096
58.2112
59.0858
60.0461
60.8849
59.4668
58.1395
57.3717
56.6038
58.0981
59.7962
57.0875
53.7779
53.2026
52.9207
53.2363
54.4014
55.0021
54.2143
53.5714
53.1278
52.6579
53.0074
53.5733
54.0187
54.6095
54.7747
54.0879
53.5753
54.0623
54.5455
55.5509
56.7953
56.7335
56.3062
56.5466
57.1923
58.136
59.5208
59.4585
57.8551
56.5946
55.4498
55.0704
56.768
58.0007
56.916
55.9701
56.927
57.8995
59.0864
60.3708
59.6069
58.6618
58.5938
58.5938
59.7925
61.2334
59.8108
57.9193
57.6039
57.4934
58.202
59.2282
58.7332
57.5972
57.3177
57.4274
58.3052
59.9339
59.9747
58.5678
57.9151
57.9151
58.4185
59.703
60.24
59.6424
60.6485
60.6485
60.6485
60.6485
60.6485
60.6485
60.6485
67.6856
66.6344
64.1643
61.2452
58.8926
56.8621
55.6961
54.7802
55.0272
57.1501
58.5938
58.5938
58.5177
58.1784
58.0373
58.8417
59.4919
59.2576
58.9056
57.4679
56.1798
55.2931
54.3771
55.044
55.9599
55.732
55.0144
54.4091
53.6326
53.5106
55.324
56.7978
56.4785
56.1798
56.1798
56.1798
56.6043
57.1404
58.0425
59.1785
58.7514
57.6154
57.0005
56.5701
56.8412
57.8286
57.6816
55.9713
54.7967
54.1099
53.5714
55.2613
56.9927
56.6617
56.2345
56.1026
55.9978
56.7467
58.0585
59.0418
59.8654
59.661
58.6103
58.0304
57.8068
58.1631
59.3169
59.1779
57.163
55.6535
54.4542
53.613
55.3444
57.0342
56.354
55.6147
55.634
55.7373
56.9777
58.9772
59.761
59.761
59.4835
59.0148
59.5554
60.8814
60.6109
