59.2885
59.2885
59.2885
58.8973
58.4359
58.7312
59.1926
58.9342
58.4728
57.8148
57.041
56.5014
55.9733
55.903
56.2174
56.7069
57.6943
58.4568
58.8014
59.4547
61.1772
61.8198
59.6395
57.9757
57.315
56.8477
57.0645
57.2652
57.5967
57.9151
57.8072
57.6959
57.3042
56.8671
58.7233
61.1785
61.2107
60.5884
59.4899
58.3177
57.8776
57.5434
58.0224
58.8144
58.6766
58.1066
58.0485
58.2738
58.9334
59.9925
59.6524
58.1461
57.3197
56.9932
56.8562
56.9642
57.1993
57.8651
58.7626
60.8298
62.0315
60.3091
58.761
57.5353
56.5658
56.2489
55.9701
56.8106
57.6716
57.3007
56.8636
56.4042
55.8761
55.9608
56.2753
56.391
56.391
56.2339
55.8162
55.5556
55.5556
55.573
55.8851
56.1798
56.2769
56.3825
57.2633
58.3647
57.9332
57.0455
57.2357
57.8964
58.6679
59.5981
59.3446
58.1908
57.479
57.042
56.7379
56.5243
56.5249
57.0651
57.598
58.3899
58.9397
58.0381
57.2348
56.6987
56.1798
56.1798
56.1798
56.9245
57.9044
58.7038
59.5145
59.3594
58.7758
58.0947
57.3149
56.8618
56.5402
56.3479
56.2423
56.2374
56.4494
56.653
56.9771
57.2581
57.3677
57.4713
57.4713
57.4713
56.903
56.2573
56.1798
56.1798
56.5724
57.2181
57.7631
58.3244
58.5399
58.4259
58.3658
58.3658
58.7911
59.9726
60.4974
59.8949
58.9085
57.2365
56.0365
55.4192
54.9548
55.1575
55.3506
55.902
56.5286
56.4427
56.2307
56.3121
56.5241
56.5501
56.4438
56.431
56.5374
56.7148
57.1486
57.4713
57.4713
57.4281
56.8879
56.391
56.8008
57.2312
57.2519
57.2519
57.3353
57.4449
57.3976
57.2879
57.3151
57.4248
57.6343
57.9685
58.433
59.1251
60.6853
63.5321
66.2369
68.0319
66.5347
63.7766
59.9915
56.4358
57.6926
59.6027
59.7183
59.3625
58.9342
58.4728
58.4469
58.5609
59.5505
60.9913
61.5655
61.692
60.8818
59.7795
59.7029
59.941
59.9101
59.7906
59.4122
58.9435
58.5037
58.0495
57.6367
57.1963
57.1496
57.3681
57.8197
58.6116
59.1991
59.552
59.6198
59.2669
59.7371
61.5903
63.6519
65.6045
65.4723
63.6515
60.6914
57.5879
57.0979
57.535
57.6923
57.6923
57.6923
57.6923
58.4995
60.5176
61.4446
60.8224
59.7211
58.1051
57.0901
56.6596
56.4174
56.5238
56.6175
56.7247
56.8064
56.0726
55.3506
55.525
55.7308
55.8345
55.9385
56.3239
56.9648
56.9597
56.3188
55.9701
55.9701
55.9878
56.0926
56.1866
56.3986
56.6038
57.5112
58.5062
58.2043
57.7536
57.6057
57.4951
57.3192
57.1007
57.6324
58.6429
59.8751
61.3392
61.2161
59.9862
58.5072
56.8352
56.0325
55.7203
55.6202
55.8275
56.2489
57.9081
59.3226
59.5588
59.761
59.761
59.8387
60.446
60.8976
60.4098
